Components List
0	1	0	09010000	0	0	360	360	364	866	Image/Icon
1	2	0	09010000	175	160	10	40	141746	141770	Image/Icon
2	3	0	008a8200	149	160	24	400	130466	130514	Hour no
3	3	0	008a8200	123	160	24	400	130466	130514	Hour no
4	4	0	018a8200	213	160	24	400	130466	130514	Minute no
5	4	0	018a8200	187	160	24	400	130466	130514	Minute no
6	5	0	09010000	192	130	11	16	142170	142202	Image/Icon
7	6	0	0b8a0300	180	130	10	160	140114	140146	Battery no
8	6	0	0b8a0300	169	130	10	160	140114	140146	Battery no
9	6	0	0b8a0300	158	130	10	160	140114	140146	Battery no
10	7	0	09010000	176	221	8	3	142378	142392	Image/Icon
11	8	0	038a8200	164	214	10	160	140114	140146	Month no
12	8	0	038a8200	153	214	10	160	140114	140146	Month no
13	9	0	028a8200	197	214	10	160	140114	140146	Date no
14	9	0	028a8200	186	214	10	160	140114	140146	Date no
15	10	0	1a132c00	180	180	150	150	142416	207282	Analog x5
16	10	0	1a132d01	180	180	187	187	226482	292974	Analog x5
17	10	0	1a132c02	180	180	223	223	316910	379271	Analog x5
